6 70 54 48 104 
33 28 53 71 103 
30 27 59 82 101 
2 107 18 31 102 
78 25 34 76 42 

98 112 69 120 109 
11 67 58 83 105 
7 64 57 77 121 
96 123 111 17 24 
62 36 106 4 80 

47 39 95 89 114 
13 38 63 88 113 
12 37 19 49 50 
26 9 61 86 108 
66 35 22 85 110 

5 44 56 94 119 
117 43 68 93 75 
81 8 0 92 60 
16 118 97 91 32 
122 40 65 90 115 

29 87 41 52 124 
23 79 73 1 45 
51 14 72 100 15 
21 3 74 46 10 
20 84 55 116 99 

1 1 1 2 3 3 105
2 4 0 0 4 4 105
0 2 1 1 0 1 105
3 0 1 1 1 1 105
0 2 3 3 3 2 105
3 4 4 2 1 1 105
3 4 4 2 3 4 105
1 0 1 0 1 0 105
0 0 3 1 1 3 105
1 1 1 4 3 3 105
2 2 0 4 3 2 105
0 1 1 1 4 1 104
2 4 0 2 1 0 104
0 2 4 1 4 2 104
1 1 1 4 2 1 104
3 0 0 3 0 0 104
3 4 2 2 3 1 104
2 4 4 1 3 1 104
4 0 0 3 4 2 104
3 1 0 4 1 3 104
1 3 1 4 2 1 104
1 3 2 2 2 2 104
0 1 3 1 3 2 104
2 3 2 4 2 1 104
2 3 4 4 4 1 104
2 2 1 2 3 3 104
2 3 2 2 4 1 104
1 0 1 4 0 0 104
3 0 3 0 0 0 104
3 4 4 2 1 4 104
3 1 3 1 2 4 104
1 1 3 3 1 4 104
1 0 1 4 1 2 104
4 2 3 4 2 2 104
3 4 1 0 1 1 104
0 3 2 3 1 1 104
4 4 0 3 1 4 104
2 2 0 0 4 2 104
1 1 4 2 3 3 104
4 1 1 1 3 3 104
2 0 1 0 3 3 104
2 2 3 4 0 4 104
3 4 0 1 1 2 104
4 0 1 4 0 2 104
4 1 4 4 0 3 104
2 2 3 0 2 3 104
2 1 3 0 4 0 104
1 4 4 3 2 2 104
0 0 4 1 4 1 104
1 1 1 4 4 3 104
2 2 4 1 1 2 103
1 1 3 1 4 1 103
3 0 4 1 4 3 103
1 1 0 0 0 2 103
2 3 4 0 0 1 103
0 3 3 0 4 2 103
3 4 3 0 0 1 103
0 2 3 1 1 4 103
0 3 4 4 0 0 103
3 1 2 3 0 2 103
3 4 0 4 3 1 103
2 2 2 4 0 0 103
0 2 3 2 3 0 103
3 4 4 2 0 2 102
4 3 3 3 0 0 102
0 4 4 1 0 4 102
0 4 0 2 2 3 102
0 3 0 4 4 2 102
0 4 0 3 4 2 102
2 0 3 3 3 2 102
2 2 2 2 1 3 102
3 4 3 3 1 1 102
4 2 2 2 0 0 102
1 1 1 2 2 4 102
4 1 1 2 1 0 101
4 3 0 3 2 3 101
1 4 4 2 2 1 101
2 0 4 4 4 2 101
4 1 0 4 1 3 101
3 4 0 0 0 2 101
4 4 3 2 1 1 101
2 3 1 2 1 4 101
0 1 3 0 1 0 101
1 1 0 0 0 1 101
4 2 1 1 1 3 101
4 4 1 0 2 0 101
1 2 1 0 1 4 101
2 0 0 1 1 4 101
1 0 2 1 2 3 101
4 4 0 4 4 3 101
3 1 3 4 4 0 101
4 4 3 1 4 0 101
4 0 2 1 3 3 101
4 2 1 3 1 0 101
4 4 4 3 4 2 101
4 4 3 2 0 3 101
0 1 4 1 1 0 101
0 2 0 4 1 2 101
2 0 4 2 0 2 101
3 0 3 2 3 2 101
